# Created by Octave 7.1.0, Sun Sep 11 18:48:37 2022 GMT <unknown@MSI>
# name: flujos
# type: matrix
# rows: 41
# columns: 2
 2 940
 5 930
 8 440
 10 500
 13 780
 14 230
 15 600
 17 710
 18 500
 22 360
 25 220
 26 910
 27 980
 29 570
 31 120
 33 760
 35 630
 44 570
 47 390
 53 360
 55 820
 56 980
 57 870
 60 140
 68 340
 69 900
 70 910
 72 340
 73 210
 74 190
 78 390
 82 80
 83 650
 85 240
 89 200
 90 970
 91 240
 93 500
 94 350
 95 610
 96 220


# name: flujosh
# type: matrix
# rows: 8
# columns: 2
 880 950
 830 270
 520 750
 640 900
 500 970
 400 870
 540 290
 210 340


# name: flujosv
# type: matrix
# rows: 2
# columns: 7
 190 960 590 210 760 480 40
 800 660 420 130 370 930 280


